999999999999999999999999999999999999999999999999999
777777773333333333333333333333333333333333333333333
777777773333333333333333333333333333333333333333333
777777773333333333333333333333333333333333333333333
777777773333333333333333333333333333333333333333333
777777773333333333333333333333333333333333333333333
777777773333333333333333333333333333333333333333333
777777773333333333333333333333333333333333333333333
777777773333333333333333333333333333333333333333333
777777773333333333333333333333333333333333333333333
777777773333333333333333333333333333333333333333333
777777773333333333333333333333333333333333333333333
777777773333333333333333333333333333333333333333333
777777773333333333333333333333333333333333333333333
777777773333333333333333333333333333333333333333333
777777773333333333333333333333333333333333333333333
777777773333333333333333333333333333333333333333333
777777773333333333333333333333333333333333333333333
888888888888888888888888888888888888888888888888888